turn_duration=00:30
simulation_start_date=2025-01-01
latitude=2.792561903384909
longitude=104.16942605504602
weather_turn_duration=01:00
scenario_name=scenario1
price_volatility=0.05
price_trend=0.0002