turn_duration=00:30
latitude=2.792561903384909
longitude=104.16942605504602
weather_turn_duration=01:00
scenario_name=scenario1